01017
01018
01019
01020
01025
01034
01035
01037
01125
01227
01237
01238
01257
01410
01415
01418
01426
01606
01617
01621
01622
01715
01716
01901
01904
01920
02102
02105
02110
02121
02122
02128
02132
02135
02138
02139
02141
02148
02155
02156
02157
02158
02159
02160
02161
02162
02170
02180
02182
02191
02192
02193
02203
02205
02209
02211
02221
02223
02224
02229
02232
02233
02234
02238
02239
02242
02244
02246
02247
02249
02255
02256
02257
02258
02263
02266
02267
02268
02269
02282
02285
02287
02289
02291
02312
02314
02318
02320
02321
02322
02323
02324
02326
02327
02332
02346
02362
02363
02369
02393
02402
02403
02405
02407
02409
02411
02413
02417
02418
02424
02425
02427
02429
02431
02435
02441
02445
02450
02455
02456
02458
02460
02461
02462
02463
02464
02465
02466
02467
02471
02476
02477
02492
02502
02504
02506
02507
02508
02514
02525
02526
02561
02562
02580
02582
02586
02601
02609
02610
02612
02614
02616
02619
02623
02631
02632
02633
02634
02635
02686
02687
02689
02692
02805
02806
02807
02808
02809
02823
02826
02830
02840
02841
02901
02910
02913
02935
02936
02940
02941
02946
02949
02952
02953
02960
02967
02970
02971
02972
02973
02975
10020
10022
10024
10031
10033
10034
10036
10041
10050
10052
10054
10104
10112
10122
10200
10209
10240
10302
10303
10304
10305
10314
10315
10316
10318
10321
10323
10325
10331
10333
10337
10339
10346
10347
10350
10380
10384
10385
10386
10400
10401
10402
10405
10420
10506
10507
10508
10512
10521
10550
10605
10610
10851
10852
10855
10856
10859
10862
10868
10935
11000
11010
11020
11022
11023
11031
11034
11035
11050
11080
11108
11112
11115
11116
11117
11121
11122
11124
11127
11128
11129
11141
11142
11203
11221
11222
11300
11305
11311
11318
11320
11331
11332
11337
11341
11342
11343
11346
11347
11351
11352
11353
11365
11374
11375
11376
11404
11411
11412
11418
11420
11430
11440
11441
11442
11444
11450
11451
11462
11463
11464
11465
11466
11522
11526
11562
11563
11569
11764
11767
11823
11825
11829
11831
11832
11833
11834
11835
11836
11853
11854
11857
11858
11859
11900
11911
11946
11951
11952
11953
11954
11955
11957
11961
11968
11990
11993
11994
11995
11996
11997
12000
12003
12104
12108
12109
12110
12111
12121
12122
12124
12130
12132
12134
12138
12139
12140
12142
12143
12145
12202
12203
12205
12210
12227
12228
12231
12233
12237
12238
12245
12326
12330
12331
12333
12336
12342
12344
12911
12933
22003
22004
22005
22050
22051
22052
22053
22055
22056
22100
22104
22110
22111
22112
22115
22117
22125
22126
22136
22140
22141
22145
22175
22179
22200
22201
22202
22203
22207
22208
22230
22231
22232
22235
22236
22237
22282
22283
22284
22403
22434
22435
22437
22441
22448
22451
22475
22481
22485
22486
22506
22507
22508
22510
22511
22512
22525
22530
22602
22603
22651
22652
22653
22680
22681
22700
23102
23151
23152
23154
23155
23205
23206
23211
23212
23213
23220
23255
23256
23257
23258
23259
23260
23272
23301
23302
23511
23520
23521
23522
23531
23532
23534
23552
23564
23662
23711
23732
23901
23902
23921
23924
23932
23936
23937
23951
23952
23962
23981
25104
25105
25106
25107
25108
25201
25202
25203
25204
25205
25206
25208
25212
25301
25302
25303
25307
25310
25311
25312
25313
25314
25315
25316
25317
25318
25320
25321
25322
25323
25324
25325
25326
25327
25328
25331
25332
25333
25334
25619
25620
25801
25809
26000
26002
26003
26004
26006
26008
26010
26026
26027
26028
26030
26050
26125
26127
26130
26134
26171
26173
26174
26201
26202
26222
26231
26236
26245
26255
26261
26263
26271
26290
26301
26317
26330
26371
26374
26400
26407
26411
26416
26422
26426
26428
26432
26433
26436
26438
26446
26455
26471
26474
26920
26925
26933
26960
26980
27000
27001
27002
27007
27008
27015
27016
27020
27022
27023
27026
27028
27034
27035
27106
27230
27246
27247
27250
27255
27302
27303
27322
27410
27419
27422
27423
27430
27432
27455
27460
27641
27665
27691
27692
27800
27815
27820
27827
28001
28012
28016
28020
28022
28025
28121
28125
28140
28150
28157
28160
28213
28214
28216
28221
28231
28233
28242
28244
28271
28310
28315
28316
28322
28342
28344
28345
28346
28350
28352
28361
28420
28423
28434
28443
28451
28455
28480
28485
28515
28530
28831
28845
28850
28852
28855
28857
28864
28870
28871
28872
28885
28904
28909
28917
28923
28927
28930
28932
29903
30010
30020
30021
30032
30081
30082
30100
30110
30120
30131
30141
30150
30160
30201
30202
30220
30230
30320
30330
30340
30350
30530
30532
30535
30540
30545
30552
30554
30560
30720
30752
30754
30760
30790
30794
31001
31003
31011
31012
31015
31035
31039
31220
31221
31240
31241
31260
31265
31270
31281
31300
31301
31310
31320
31321
31323
31340
31342
31343
31351
31352
31353
31354
31372
31375
31377
31383
31385
31386
31388
31389
31390
31391
31392
31400
31405
31415
31417
31418
31420
31428
31445
31631
31634
31711
31713
31715
31725
31728
31730
31735
31742
31745
31750
31756
31761
31762
31765
31770
31773
31776
31778
31782
31783
31787
31789
31792
31795
34020
34021
34029
34031
34032
34034
34041
34042
34043
34046
34051
34052
34053
34055
34060
34091
34092
34120
34126
34127
34129
34130
34153
34156
34190
34194
34210
34220
34229
34230
34249
34251
34269
34290
34302
34313
34315
34322
34330
34331
34332
34333
34334
34338
34343
34345
34346
34348
34349
34351
34352
34357
34359
34363
34365
34366
34367
34368
34369
34370
34371
34430
34440
34451
34492
34495
34539
34540
34541
34551
34552
34553
34590
34591
41012
41013
41015
41020
41028
41029
41031
41045
41051
41061
41072
41073
41083
41084
41102
41107
41111
41112
41113
41117
41129
41203
41216
41221
41222
41226
41236
41237
41275
41312
41315
41316
41317
41320
41321
41341
41342
41343
41346
41347
41392
41401
41402
41416
41417
41418
41420
41422
41491
41501
41502
41511
41514
41515
41516
41517
41522
41524
41525
41526
41528
41533
41534
41561
41563
41564
41571
41591
41603
41612
41615
41628
41635
41650
41651
41653
41656
41658
41659
41661
41662
41667
41668
41680
41681
41684
41685
41686
41687
41689
41690
41691
41714
41730
41733
41734
41737
41739
41742
41743
41744
41747
41748
41787
41788
41789
41791
41792
41801
41808
41809
41812
41813
41814
41822
41843
41860
42003
42004
42005
42007
42009
42011
42015
42022
42085
42087
42090
42101
42104
42105
42106
42107
42111
42112
42114
42115
42117
42123
42136
42137
42142
42143
42178
42180
42184
42185
42186
42187
42188
42270
42282
42340
42351
42370
42372
42373
42378
42380
42381
42382
42383
42385
42387
42388
42389
42390
42401
42402
42406
42415
42417
42421
42429
42430
42433
42435
42436
42451
42452
42490
42500
42502
42504
42505
42554
42575
42576
42577
42580
42584
42586
42587
42610
42611
42634
42702
42712
42713
42717
42750
42751
42752
42785
42786
42879
42892
46205
46211
46230
46300
46310
46320
46400
46411
46415
46420
46430
46440
46600
46610
46901
46905
46910
46915
46920
47202
47203
47209
47210
47211
47302
47303
47304
47305
47309
47310
47313
47316
47317
47319
47325
47330
47332
47333
47335
47336
47509
47511
47513
47514
47516
47517
47519
62039
62040
62043
62046
62051
62053
62054
62074
62079
62087
62088
62089
62093
62094
62096
62101
62103
62104
62107
62108
62110
62111
62118
62119
62120
62122
62130
62133
62134
62135
62139
62142
62145
62146
62158
62159
62161
62168
62171
62174
62191
62194
62196
62197
62198
62199
62200
62202
62204
62205
62206
62212
62213
62214
62215
62218
62219
62220
62221
62223
62224
62225
62228
62229
62230
62238
62239
62240
62241
62243
62246
62247
62259
62261
62263
62265
62267
62268
62269
62270
62271
62273
62276
62277
62279
62280
62281
62282
62297
62298
62317
62318
62327
62328
62365
62366
62369
62381
62383
62389
62407
62410
62413
62416
62417
62419
62420
62422
62423
62426
62427
62429
62437
62443
62444
62445
62450
62452
62453
62454
62484
62501
62505
62512
62514
62517
62518
62521
62523
62524
62525
62527
62530
62531
62532
62533
62547
62550
62557
62558
62560
62573
62575
62577
62581
62582
62583
62588
62589
62598
62601
62603
62606
62607
62614
62616
62618
62620
62622
62623
62626
62627
62629
62635
62637
62640
62643
62646
62657
62662
62665
62668
62669
62675
62677
62683
62694
62695
62696
62699
62700
62703
62704
62708
62711
62714
62716
62732
62733
62734
62735
62737
62739
62743
62748
62751
62752
62755
62760
62761
62762
62763
62764
62765
62766
62767
62768
62770
62773
62774
62780
62782
62783
62784
62799
62800
62908
62999
88706
88713
88718
